//AP_5G_PWRTAB_20220527
//
//=======================================================================================================================================//
//                   [0][1][2][3][4][5][6][7][8][9][10][11][12][13][14][15][16][17][18][19][20][21][22][23][24][25][26][27][28][29]      //
//=======================================================================================================================================//
[2G][A][+][CCK]    = {0,0,0,0,0,0,0,0,0,0,0,0,0,0,0,0,0,0,0,0,0,0,0,0,0,0,0,0,0,0}       				//2GCCKA_P
[2G][A][-][CCK]    = {0,0,0,0,0,0,0,0,0,0,0,0,0,0,0,0,0,0,0,0,0,0,0,0,0,0,0,0,0,0}      				//2GCCKA_N
[2G][B][+][CCK]    = {0,0,0,0,0,0,0,0,0,0,0,0,0,0,0,0,0,0,0,0,0,0,0,0,0,0,0,0,0,0}       				//2GCCKB_P
[2G][B][-][CCK]    = {0,0,0,0,0,0,0,0,0,0,0,0,0,0,0,0,0,0,0,0,0,0,0,0,0,0,0,0,0,0}      				//2GCCKB_N
[2G][A][+][ALL]    = {0,0,0,0,0,0,0,0,0,0,0,0,0,0,0,0,0,0,0,0,0,0,0,0,0,0,0,0,0,0}       				//2GA_P			//T0-T1=-4/-10/-17/-20;f_cw=0/1/2/3
[2G][A][-][ALL]    = {0,0,0,0,0,0,0,0,0,0,0,0,0,0,0,0,0,0,0,0,0,0,0,0,0,0,0,0,0,0}      				//2GA_N	    	//T0-T1=7/13/19;f_cw=-1/-4/-5
[2G][B][+][ALL]    = {0,0,0,0,0,0,0,0,0,0,0,0,0,0,0,0,0,0,0,0,0,0,0,0,0,0,0,0,0,0}       				//2GB_P			//T0-T1=-4/-10/-17/-19;f_cw=0/1/2/3
[2G][B][-][ALL]    = {0,0,0,0,0,0,0,0,0,0,0,0,0,0,0,0,0,0,0,0,0,0,0,0,0,0,0,0,0,0}      				//2GB_N	    	//T0-T1=7/13/18;f_cw=-1/-3/-5
[5G][A][+][ALL][0] = {0,0,0,1,2,3,4,5,6,7,8,9,10,11,12,13,14,15,16,17,18,19,20,21,22,23,24,25,26,27}    //5GLA_P		//T0-T1=-4/-10/-16/-19;f_cw=0/2/3/4
[5G][A][-][ALL][0] = {0,1,2,2,3,3,4,4,5,5,6,6,7,7,8,8,9,9,10,10,10,10,11,11,11,11,11,11,12,12}     		//5GLA_N		//T0-T1=7/13/18;f_cw=-1/-3/-5
[5G][B][+][ALL][0] = {0,0,0,1,2,3,4,5,6,7,8,9,10,11,12,13,14,15,16,17,18,19,20,21,22,23,24,25,26,27}    //5GLB_P		//T0-T1=-4/-10/-16/-19;f_cw=0/1/2/3	
[5G][B][-][ALL][0] = {0,1,2,2,2,3,3,3,4,4,4,4,4,4,5,5,5,5,5,6,6,6,6,6,6,6,7,7,7,7}       				//5GLB_N		//T0-T1=6/13/18;f_cw=-1/-2/-4
[5G][A][+][ALL][1] = {0,0,0,1,2,3,4,5,6,7,8,9,10,11,12,13,14,15,16,17,18,19,20,21,22,23,24,25,26,27}    //5GMA_P		//T0-T1=-5/-10/-16/-19;f_cw=0/2/3/4	
[5G][A][-][ALL][1] = {0,1,2,2,3,3,4,4,5,5,6,6,7,7,8,8,9,9,10,10,10,10,11,11,11,11,11,11,12,12}     		//5GMA_N		//T0-T1=7/13/18;f_cw=-1/-3/-5	
[5G][B][+][ALL][1] = {0,0,0,1,2,3,4,5,6,7,8,9,10,11,12,13,14,15,16,17,18,19,20,21,22,23,24,25,26,27}    //5GMB_P		//T0-T1=-4/-10/-16/-19;f_cw=0/1/1/1
[5G][B][-][ALL][1] = {0,1,2,2,2,3,3,3,4,4,4,4,4,4,5,5,5,5,5,6,6,6,6,6,6,6,7,7,7,7}       				//5GMB_N		//T0-T1=7/13/18;f_cw=0/-2/-4
[5G][A][+][ALL][2] = {0,0,0,1,2,3,4,5,6,7,8,9,10,11,12,13,14,15,16,17,18,19,20,21,22,23,24,25,26,27}    //5GHA_P		//T0-T1=-5/-10/-16/-19;f_cw=1/1/3/3
[5G][A][-][ALL][2] = {0,1,2,2,3,3,4,4,5,5,6,6,7,7,8,8,9,9,10,10,10,10,11,11,11,11,11,11,12,12}     		//5GHA_N	    //T0-T1=7/13/18;f_cw=-1/-2/-4	
[5G][B][+][ALL][2] = {0,0,0,1,2,3,4,5,6,7,8,9,10,11,12,13,14,15,16,17,18,19,20,21,22,23,24,25,26,27}    //5GHB_P		//T0-T1=-4/-10/-16/-19;f_cw=0/0/0/0
[5G][B][-][ALL][2] = {0,1,2,2,2,3,3,3,4,4,4,4,4,4,5,5,5,5,5,6,6,6,6,6,6,6,7,7,7,7}       				//5GHB_N        //T0-T1=7/13/18;f_cw=0/-1/-3
[6G][A][+][ALL][0] = {0,0,0,1,2,3,4,5,6,7,8,9,10,11,12,13,14,15,16,17,18,19,20,21,22,23,24,25,26,27}	//6GLA_P
[6G][A][-][ALL][0] = {0,1,2,2,3,3,4,4,5,5,6,6,7,7,8,8,9,9,10,10,10,10,11,11,11,11,11,11,12,12}     		//6GLA_N
[6G][B][+][ALL][0] = {0,0,0,1,2,3,4,5,6,7,8,9,10,11,12,13,14,15,16,17,18,19,20,21,22,23,24,25,26,27}	//6GLB_P	
[6G][B][-][ALL][0] = {0,1,2,2,2,3,3,3,4,4,4,4,4,4,5,5,5,5,5,6,6,6,6,6,6,6,7,7,7,7}       				//6GLB_N	
[6G][A][+][ALL][1] = {0,0,0,1,2,3,4,5,6,7,8,9,10,11,12,13,14,15,16,17,18,19,20,21,22,23,24,25,26,27}	//6GMA_P	
[6G][A][-][ALL][1] = {0,1,2,2,3,3,4,4,5,5,6,6,7,7,8,8,9,9,10,10,10,10,11,11,11,11,11,11,12,12}     		//6GMA_N
[6G][B][+][ALL][1] = {0,0,0,1,2,3,4,5,6,7,8,9,10,11,12,13,14,15,16,17,18,19,20,21,22,23,24,25,26,27}	//6GMB_P
[6G][B][-][ALL][1] = {0,1,2,2,2,3,3,3,4,4,4,4,4,4,5,5,5,5,5,6,6,6,6,6,6,6,7,7,7,7}       				//6GMB_N	
[6G][A][+][ALL][2] = {0,0,0,1,2,3,4,5,6,7,8,9,10,11,12,13,14,15,16,17,18,19,20,21,22,23,24,25,26,27}	//6GHA_P	
[6G][A][-][ALL][2] = {0,1,2,2,3,3,4,4,5,5,6,6,7,7,8,8,9,9,10,10,10,10,11,11,11,11,11,11,12,12}     		//6GHA_N
[6G][B][+][ALL][2] = {0,0,0,1,2,3,4,5,6,7,8,9,10,11,12,13,14,15,16,17,18,19,20,21,22,23,24,25,26,27}	//6GHB_P	
[6G][B][-][ALL][2] = {0,1,2,2,2,3,3,3,4,4,4,4,4,4,5,5,5,5,5,6,6,6,6,6,6,6,7,7,7,7}       				//6GHB_N
[6G][A][+][ALL][3] = {0,0,0,1,2,3,4,5,6,7,8,9,10,11,12,13,14,15,16,17,18,19,20,21,22,23,24,25,26,27}	//6GHA_P
[6G][A][-][ALL][3] = {0,1,2,2,3,3,4,4,5,5,6,6,7,7,8,8,9,9,10,10,10,10,11,11,11,11,11,11,12,12}     		//6GHA_N
[6G][B][+][ALL][3] = {0,0,0,1,2,3,4,5,6,7,8,9,10,11,12,13,14,15,16,17,18,19,20,21,22,23,24,25,26,27}	//6GHB_P
[6G][B][-][ALL][3] = {0,1,2,2,2,3,3,3,4,4,4,4,4,4,5,5,5,5,5,6,6,6,6,6,6,6,7,7,7,7}       				//6GHB_N

