//rtl8852c version = 0x48
//rtl8852c version = 0x13
//rtl8852a version = 33
//rtl8852a version = 8
//rtl8852a version = 7
//
//=======================================================================================================================================//
//                   [0][1][2][3][4][5][6][7][8][9][10][11][12][13][14][15][16][17][18][19][20][21][22][23][24][25][26][27][28][29]	//
//=======================================================================================================================================//
[2G][A][+][CCK]    = {0,1,1,1,1,1,1,1,2,2,2,2,2,2,3,3,3,3,3,3,3,4,4,4,4,4,4,5,5,5}       //2GCCKA_P
[2G][A][-][CCK]    = {0,0,0,0,0,0,0,0,-1,-1,-1,-1,-1,-1,-1,-2,-2,-2,-2,-2,-2,-2,-2,-3,-3,-3,-3,-3,-3,-3}      //2GCCKA_N
[2G][B][+][CCK]    = {0,0,0,1,1,1,1,1,1,1,1,1,1,1,1,1,1,1,1,1,1,1,2,2,2,2,2,2,2,2}       //2GCCKB_P	
[2G][B][-][CCK]    = {0,0,0,0,0,0,0,0,0,0,0,0,0,0,0,0,-1,-1,-1,-1,-1,-1,-1,-1,-1,-1,-1,-1,-1,-1}      //2GCCKB_N
[2G][A][+][ALL]    = {0,1,1,1,1,1,1,1,2,2,2,2,2,2,3,3,3,3,3,3,3,4,4,4,4,4,4,5,5,5}       //2GA_P	
[2G][A][-][ALL]    = {0,0,0,0,0,0,0,0,-1,-1,-1,-1,-1,-1,-1,-2,-2,-2,-2,-2,-2,-2,-2,-3,-3,-3,-3,-3,-3,-3}      //2GA_N
[2G][B][+][ALL]    = {0,0,0,1,1,1,1,1,1,1,1,1,1,1,1,1,1,1,1,1,1,1,2,2,2,2,2,2,2,2}       //2GB_P	
[2G][B][-][ALL]    = {0,0,0,0,0,0,0,0,0,0,0,0,0,0,0,0,-1,-1,-1,-1,-1,-1,-1,-1,-1,-1,-1,-1,-1,-1}      //2GB_N
[5G][A][+][ALL][0] = {0,1,1,2,2,3,3,4,4,4,5,5,6,6,7,7,8,8,9,9,9,10,10,11,11,12,12,13,13,14}        //5GLA_P
[5G][A][-][ALL][0] = {0,1,1,1,1,1,2,2,2,2,2,3,3,3,3,3,4,4,4,4,5,5,5,5,5,6,6,6,6,6}      //5GLA_N		
[5G][B][+][ALL][0] = {0,1,1,2,3,3,4,4,5,5,6,6,7,8,8,9,9,10,10,11,11,12,13,13,14,14,15,15,16,16}      //5GLB_P
[5G][B][-][ALL][0] = {0,1,1,1,2,2,2,3,3,3,4,4,4,5,5,5,6,6,6,7,7,7,8,8,8,9,9,9,10,10}       //5GLB_N	
[5G][A][+][ALL][1] = {0,1,1,2,2,3,3,4,4,4,5,5,6,6,7,7,8,8,9,9,9,10,10,11,11,12,12,13,13,14}       //5GMA_P
[5G][A][-][ALL][1] = {0,0,1,1,1,1,1,1,1,1,1,1,1,2,2,2,2,2,2,2,2,2,2,2,3,3,3,3,3,3}      //5GMA_N
[5G][B][+][ALL][1] = {0,1,1,2,3,3,4,4,5,5,6,6,7,8,8,9,9,10,10,11,11,12,13,13,14,14,15,15,16,16}      //5GMB_P
[5G][B][-][ALL][1] = {0,1,1,1,1,2,2,2,3,3,3,3,4,4,4,4,5,5,5,5,6,6,6,7,7,7,7,8,8,8}       //5GMB_N	
[5G][A][+][ALL][2] = {0,1,1,2,2,3,3,4,4,4,5,5,6,6,7,7,8,8,9,9,9,10,10,11,11,12,12,13,13,14}       //5GHA_P
[5G][A][-][ALL][2] = {0,1,1,1,1,2,2,2,3,3,3,3,4,4,4,4,5,5,5,5,6,6,6,7,7,7,7,8,8,8}      //5GHA_N	
[5G][B][+][ALL][2] = {0,1,1,2,3,3,4,4,5,5,6,6,7,8,8,9,9,10,10,11,11,12,13,13,14,14,15,15,16,16}      //5GHB_P
[5G][B][-][ALL][2] = {0,1,1,2,2,2,3,3,4,4,4,5,5,6,6,6,7,7,8,8,8,9,9,10,10,10,11,11,12,12}       //5GHB_N     
[6G][A][+][ALL][0] = {0,1,1,2,2,3,3,4,4,5,5,6,6,7,7,8,8,9,9,10,11,11,12,12,13,13,14,14,15,15}       //6GLA_P
[6G][A][-][ALL][0] = {0,1,1,1,1,1,2,2,2,2,2,3,3,3,3,3,4,4,4,4,5,5,5,5,5,6,6,6,6,6}      //6GLA_N
[6G][B][+][ALL][0] = {0,1,2,2,3,3,4,5,5,6,6,7,8,8,9,9,10,11,11,12,12,13,14,14,15,15,16,17,17,18}      //6GLB_P	
[6G][B][-][ALL][0] = {0,1,1,1,2,2,2,3,3,3,4,4,4,5,5,5,6,6,6,7,7,7,8,8,8,9,9,9,10,10}       //6GLB_N	
[6G][A][+][ALL][1] = {0,1,1,2,2,3,3,4,4,5,5,6,6,7,7,8,8,9,9,10,11,11,12,12,13,13,14,14,15,15}       //6GMA_P	
[6G][A][-][ALL][1] = {0,1,1,1,1,1,2,2,2,2,2,3,3,3,3,3,4,4,4,4,5,5,5,5,5,6,6,6,6,6}      //6GMA_N
[6G][B][+][ALL][1] = {0,1,1,2,3,3,4,4,5,5,6,6,7,7,8,9,9,10,10,11,11,12,12,13,13,14,15,15,16,16}      //6GMB_P
[6G][B][-][ALL][1] = {0,1,1,1,2,2,2,3,3,3,4,4,4,5,5,5,6,6,6,7,7,7,8,8,8,9,9,9,10,10}       //6GMB_N	
[6G][A][+][ALL][2] = {0,1,1,2,2,3,3,4,4,5,5,6,6,7,7,8,8,9,9,10,11,11,12,12,13,13,14,14,15,15}       //6GHA_P	
[6G][A][-][ALL][2] = {0,1,1,1,1,1,2,2,2,2,2,3,3,3,3,3,4,4,4,4,5,5,5,5,5,6,6,6,6,6}      //6GHA_N
[6G][B][+][ALL][2] = {0,1,1,2,3,3,4,4,5,5,6,6,7,7,8,9,9,10,10,11,11,12,12,13,13,14,15,15,16,16}      //6GHB_P	
[6G][B][-][ALL][2] = {0,1,1,1,2,2,2,3,3,3,4,4,4,5,5,5,6,6,6,7,7,7,8,8,8,9,9,9,10,10}       //6GHB_N
[6G][A][+][ALL][3] = {0,1,1,2,2,3,3,4,4,5,5,6,6,7,7,8,8,9,9,10,11,11,12,12,13,13,14,14,15,15}       //6GHA_P
[6G][A][-][ALL][3] = {0,1,1,1,1,1,2,2,2,2,2,3,3,3,3,3,4,4,4,4,5,5,5,5,5,6,6,6,6,6}      //6GHA_N
[6G][B][+][ALL][3] = {0,1,1,2,3,3,4,4,5,5,6,6,7,7,8,9,9,10,10,11,11,12,12,13,13,14,15,15,16,16}      //6GHB_P
[6G][B][-][ALL][3] = {0,1,1,1,2,2,2,3,3,3,4,4,4,5,5,5,6,6,6,7,7,7,8,8,8,9,9,9,10,10}       //6GHB_N
